99900001
99900013
99900029
99900077
99900091
99900107
99900113
99900133
99900139
99900167
99900181
99900191
99900221
99900253
99900301
99900323
99900329
99900343
99900349
99900379
99900403
99900419
99900433
99900439
99900457
99900529
99900539
99900553
99900557
99900583
99900599
99900607
99900611
99900649
99900659
99900733
99900743
99900751
99900769
99900781
99900791
99900797
99900863
99900877
99900883
99900893
99900923
99900929
99900947
99900949
99900967
99900971
99901001
99901013
99901049
99901057
99901063
99901079
99901091
99901097
99901117
99901159
99901253
99901279
99901301
99901363
99901381
99901387
99901421
99901447
99901463
99901493
99901507
99901541
99901553
99901567
99901577
99901579
99901603
99901619
99901621
99901651
99901679
99901687
99901693
99901721
99901759
99901777
99901783
99901799
99901807
99901853
99901859
99901889
99901909
99901951
99901987
99901999
99902017
99902021
99902039
99902059
99902063
99902093
99902141
99902147
99902167
99902189
99902197
99902207
99902249
99902263
99902269
99902273
99902311
99902321
99902347
99902351
99902371
99902377
99902389
99902393
99902441
99902503
99902519
99902549
99902581
99902587
99902611
99902629
99902633
99902653
99902771
99902809
99902813
99902821
99902833
99902851
99902857
99902903
99902911
99902939
99902947
99902951
99902953
99902977
99902983
99903029
99903031
99903047
99903077
99903091
99903109
99903119
99903137
99903149
99903151
99903157
99903161
99903179
99903211
99903229
99903257
99903269
99903281
99903317
99903371
99903379
99903383
99903389
99903403
99903409
99903437
99903449
99903451
99903473
99903481
99903487
99903523
99903527
99903547
99903581
99903703
99903707
99903709
99903751
99903761
99903799
99903809
99903821
99903823
99903833
99903857
99903871
99903907
99903911
99903913
99903949
99903971
99903977
99903997
99904037
99904061
99904073
99904097
99904127
99904139
99904163
99904183
99904193
99904199
99904229
99904241
99904253
99904271
99904283
99904319
99904349
99904367
99904411
99904439
99904457
99904463
99904487
99904499
99904501
99904513
99904531
99904549
99904573
99904583
99904589
99904591
99904613
99904619
99904633
99904639
99904643
99904667
99904687
99904697
99904703
99904711
99904729
99904757
99904799
99904829
99904837
99904873
99904879
99904891
99904897
99904933
99904949
99904951
99904967
99904969
99904979
99904991
99904997
99905009
99905011
99905051
99905063
99905093
99905101
99905111
99905119
99905131
99905137
99905147
99905153
99905161
99905171
99905177
99905207
99905213
99905263
99905317
99905321
99905327
99905339
99905341
99905359
99905381
99905387
99905389
99905411
99905417
99905419
99905431
99905461
99905473
99905489
99905497
99905521
99905527
99905539
99905557
99905563
99905569
99905573
99905581
99905593
99905621
99905633
99905669
99905671
99905681
99905699
99905713
99905723
99905747
99905749
99905759
99905779
99905789
99905791
99905801
99905831
99905873
99905881
99905891
99905893
99905903
99905921
99905959
99905969
99905977
99905987
99905999
99906013
99906029
99906041
99906049
99906083
99906091
99906097
99906101
99906109
99906119
99906137
99906151
99906167
99906193
99906197
99906203
99906223
99906251
99906259
99906269
99906277
99906307
99906337
99906347
99906361
99906371
99906403
99906407
99906409
99906451
99906461
99906497
99906509
99906511
99906533
99906539
99906551
99906553
99906563
99906571
99906629
99906659
99906679
99906691
99906701
99906713
99906743
99906809
99906811
99906823
99906889
99906941
99906949
99906967
99906971
99906979
99907051
99907057
99907061
99907063
99907091
99907099
99907109
99907133
99907139
99907151
99907163
99907169
99907177
99907211
99907229
99907231
99907253
99907261
99907267
99907307
99907319
99907337
99907343
99907373
99907391
99907393
99907397
99907399
99907403
99907417
99907463
99907499
99907517
99907537
99907541
99907601
99907603
99907649
99907663
99907669
99907679
99907723
99907729
99907739
99907763
99907781
99907849
99907859
99907889
99907897
99907919
99907937
99907949
99907957
99907961
99907967
99907981
99907993
99907999
99908027
99908033
99908077
99908087
99908111
99908117
99908119
99908141
99908143
99908197
99908239
99908243
99908261
99908279
99908287
99908293
99908357
99908359
99908401
99908407
99908411
99908429
99908449
99908477
99908519
99908581
99908617
99908639
99908659
99908663
99908681
99908689
99908713
99908723
99908761
99908791
99908827
99908873
99908899
99908903
99908927
99908947
99908953
99908969
99908989
99909023
99909037
99909059
99909067
99909071
99909083
99909107
99909109
99909113
99909137
99909157
99909179
99909181
99909193
99909197
99909203
99909211
99909223
99909241
99909247
99909259
99909307
99909317
99909319
99909367
99909419
99909421
99909449
99909461
99909463
99909487
99909517
99909533
99909569
99909571
99909599
99909613
99909659
99909671
99909703
99909713
99909721
99909739
99909767
99909779
99909781
99909791
99909793
99909811
99909829
99909857
99909863
99909871
99909877
99909881
99909883
99909889
99909919
99909947
99909973
99909991
99910001
99910007
99910039
99910049
99910051
99910061
99910079
99910087
99910093
99910121
99910123
99910147
99910157
99910159
99910169
99910177
99910201
99910219
99910231
99910267
99910271
99910319
99910351
99910357
99910403
99910429
99910439
99910453
99910469
99910477
99910483
99910487
99910511
99910553
99910621
99910627
99910631
99910651
99910667
99910729
99910739
99910753
99910813
99910823
99910847
99910879
99910901
99910903
99910931
99910957
99910961
99910963
99910997
99911029
99911039
99911041
99911051
99911069
99911081
99911087
99911089
99911093
99911183
99911197
99911263
99911267
99911309
99911327
99911353
99911369
99911387
99911389
99911417
99911423
99911429
99911437
99911447
99911453
99911477
99911491
99911501
99911531
99911573
99911599
99911621
99911627
99911639
99911663
99911687
99911723
99911741
99911753
99911767
99911783
99911809
99911813
99911821
99911827
99911849
99911863
99911869
99911879
99911887
99911891
99911897
99911921
99911923
99911939
99911963
99911969
99911983
99911993
99912017
99912053
99912073
99912097
99912139
99912149
99912151
99912157
99912217
99912233
99912269
99912283
99912313
99912341
99912347
99912353
99912389
99912403
99912409
99912413
99912419
99912457
99912481
99912487
99912499
99912503
99912523
99912541
99912559
99912563
99912577
99912581
99912629
99912653
99912671
99912719
99912727
99912731
99912733
99912797
99912803
99912817
99912821
99912853
99912881
99912919
99912947
99912949
99912971
99912973
99912977
99912979
99913027
99913157
99913169
99913183
99913189
99913213
99913223
99913241
99913243
99913337
99913349
99913361
99913367
99913391
99913393
99913417
99913441
99913459
99913469
99913477
99913507
99913511
99913519
99913523
99913531
99913559
99913601
99913637
99913643
99913661
99913673
99913699
99913703
99913717
99913739
99913741
99913753
99913769
99913789
99913867
99913871
99913873
99913883
99913889
99913937
99913939
99913943
99913967
99913987
99913997
99914033
99914051
99914123
99914161
99914203
99914233
99914239
99914267
99914291
99914299
99914371
99914377
99914387
99914459
99914501
99914509
99914513
99914531
99914543
99914557
99914561
99914569
99914579
99914603
99914609
99914611
99914641
99914677
99914707
99914723
99914747
99914779
99914791
99914803
99914807
99914813
99914849
99914869
99914873
99914897
99914917
99914951
99914981
99914987
99914993
99914999
99915029
99915037
99915043
99915061
99915071
99915097
99915107
99915113
99915119
99915161
99915169
99915199
99915203
99915223
99915259
99915287
99915301
99915311
99915337
99915349
99915367
99915407
99915419
99915421
99915437
99915457
99915461
99915493
99915523
99915533
99915539
99915553
99915581
99915589
99915601
99915619
99915679
99915691
99915707
99915709
99915719
99915721
99915727
99915731
99915763
99915773
99915779
99915787
99915793
99915797
99915833
99915847
99915859
99915869
99915877
99915929
99915931
99915941
99915943
99916043
99916073
99916121
99916151
99916153
99916177
99916199
99916207
99916211
99916217
99916237
99916249
99916261
99916273
99916291
99916319
99916337
99916373
99916381
99916387
99916403
99916409
99916433
99916457
99916469
99916483
99916511
99916517
99916519
99916529
99916543
99916567
99916589
99916591
99916603
99916637
99916639
99916673
99916681
99916721
99916727
99916741
99916757
99916771
99916777
99916781
99916787
99916847
99916849
99916879
99916889
99916891
99916897
99916903
99916931
99916933
99916961
99916967
99916979
99916987
99916997
99917009
99917011
99917039
99917047
99917087
99917099
99917101
99917189
99917197
99917201
99917227
99917261
99917281
99917339
99917341
99917351
99917387
99917399
99917401
99917407
99917413
99917417
99917443
99917459
99917471
99917479
99917539
99917549
99917567
99917579
99917591
99917627
99917647
99917659
99917669
99917677
99917689
99917693
99917711
99917729
99917747
99917749
99917759
99917771
99917791
99917813
99917833
99917849
99917893
99917921
99917927
99917933
99917953
99917989
99917999
99918001
99918031
99918037
99918041
99918043
99918047
99918067
99918109
99918113
99918149
99918191
99918199
99918209
99918257
99918289
99918293
99918323
99918349
99918421
99918433
99918443
99918457
99918479
99918499
99918521
99918529
99918551
99918557
99918563
99918589
99918607
99918613
99918619
99918629
99918631
99918649
99918653
99918667
99918691
99918733
99918737
99918761
99918769
99918821
99918829
99918857
99918881
99918947
99918977
99918989
99919019
99919063
99919087
99919103
99919111
99919117
99919139
99919147
99919187
99919189
99919201
99919207
99919213
99919249
99919283
99919289
99919307
99919331
99919343
99919357
99919361
99919367
99919399
99919433
99919453
99919483
99919511
99919517
99919531
99919543
99919559
99919571
99919577
99919601
99919619
99919661
99919669
99919711
99919723
99919759
99919763
99919777
99919867
99919873
99919901
99919903
99919909
99919921
99919949
99919951
99919957
99919961
99919969
99919997
99920021
99920039
99920047
99920053
99920059
99920071
99920087
99920123
99920147
99920159
99920189
99920207
99920231
99920243
99920251
99920267
99920273
99920281
99920291
99920311
99920329
99920369
99920371
99920393
99920413
99920477
99920479
99920489
99920497
99920503
99920549
99920581
99920593
99920599
99920603
99920641
99920647
99920659
99920663
99920669
99920693
99920761
99920783
99920789
99920797
99920803
99920827
99920893
99920897
99920939
99920959
99920969
99920971
99920999
99921001
99921007
99921011
99921047
99921067
99921083
99921089
99921109
99921113
99921137
99921169
99921179
99921193
99921221
99921313
99921319
99921331
99921347
99921373
99921383
99921391
99921413
99921431
99921449
99921467
99921473
99921509
99921517
99921533
99921607
99921641
99921643
99921667
99921673
99921677
99921707
99921709
99921713
99921727
99921769
99921781
99921839
99921847
99921881
99921883
99921911
99921919
99921929
99921947
99921973
99922001
99922037
99922093
99922103
99922117
99922127
99922133
99922157
99922187
99922219
99922241
99922247
99922253
99922261
99922297
99922301
99922309
99922321
99922337
99922343
99922367
99922391
99922399
99922441
99922451
99922483
99922523
99922541
99922573
99922591
99922639
99922663
99922687
99922717
99922727
99922747
99922751
99922763
99922783
99922789
99922817
99922871
99922873
99922877
99922937
99922939
99922943
99922961
99922993
99922997
99923023
99923039
99923077
99923101
99923107
99923141
99923143
99923171
99923177
99923189
99923207
99923209
99923221
99923227
99923231
99923233
99923251
99923309
99923311
99923321
99923371
99923381
99923389
99923419
99923449
99923459
99923503
99923543
99923557
99923561
99923573
99923581
99923587
99923591
99923609
99923611
99923651
99923653
99923657
99923669
99923687
99923689
99923693
99923713
99923731
99923741
99923743
99923779
99923801
99923809
99923851
99923893
99923899
99923911
99923951
99923953
99924007
99924023
99924037
99924043
99924073
99924091
99924103
99924109
99924119
99924137
99924151
99924179
99924203
99924233
99924241
99924277
99924289
99924299
99924301
99924313
99924337
99924359
99924373
99924413
99924437
99924449
99924469
99924479
99924481
99924499
99924533
99924577
99924607
99924631
99924637
99924659
99924677
99924683
99924707
99924751
99924767
99924787
99924817
99924821
99924823
99924833
99924859
99924863
99924887
99924889
99924907
99924917
99924931
99924959
99925027
99925037
99925043
99925061
99925117
99925127
99925129
99925151
99925157
99925219
99925223
99925261
99925289
99925349
99925379
99925403
99925411
99925417
99925429
99925433
99925453
99925457
99925489
99925499
99925513
99925517
99925519
99925523
99925537
99925543
99925549
99925577
99925601
99925603
99925607
99925667
99925673
99925687
99925697
99925717
99925783
99925799
99925801
99925817
99925843
99925853
99925867
99925873
99925879
99925913
99925919
99925951
99925957
99925993
99926063
99926087
99926093
99926137
99926179
99926207
99926209
99926219
99926227
99926243
99926251
99926311
99926317
99926341
99926347
99926399
99926401
99926417
99926419
99926429
99926447
99926473
99926503
99926509
99926537
99926543
99926549
99926557
99926569
99926599
99926627
99926641
99926657
99926689
99926693
99926699
99926737
99926741
99926753
99926773
99926777
99926809
99926819
99926851
99926921
99926923
99926951
99926993
99927001
99927007
99927109
99927133
99927151
99927161
99927181
99927187
99927199
99927221
99927257
99927263
99927271
99927277
99927281
99927299
99927323
99927349
99927361
99927371
99927379
99927383
99927397
99927427
99927431
99927439
99927461
99927467
99927493
99927521
99927523
99927551
99927587
99927589
99927599
99927643
99927673
99927677
99927697
99927703
99927719
99927733
99927739
99927749
99927757
99927761
99927797
99927799
99927803
99927809
99927827
99927833
99927857
99927871
99927889
99927917
99927931
99927959
99927991
99928013
99928033
99928061
99928069
99928079
99928117
99928121
99928133
99928141
99928151
99928183
99928207
99928247
99928249
99928271
99928303
99928337
99928421
99928427
99928441
99928457
99928463
99928483
99928511
99928561
99928573
99928579
99928613
99928639
99928649
99928667
99928681
99928687
99928709
99928723
99928729
99928739
99928747
99928769
99928781
99928793
99928819
99928837
99928853
99928877
99928889
99928901
99928921
99928937
99928957
99928973
99929023
99929057
99929069
99929083
99929101
99929117
99929143
99929147
99929149
99929153
99929161
99929173
99929183
99929197
99929201
99929209
99929237
99929251
99929317
99929369
99929371
99929387
99929413
99929429
99929437
99929449
99929477
99929491
99929507
99929509
99929513
99929527
99929561
99929573
99929579
99929597
99929623
99929633
99929659
99929663
99929693
99929717
99929719
99929747
99929749
99929777
99929801
99929831
99929839
99929881
99929887
99929891
99929903
99929909
99929923
99929941
99929953
99929971
99929983
99930013
99930049
99930059
99930067
99930071
99930119
99930121
99930137
99930191
99930197
99930203
99930221
99930223
99930227
99930241
99930263
99930289
99930353
99930359
99930361
99930371
99930373
99930419
99930421
99930431
99930449
99930463
99930473
99930499
99930517
99930521
99930529
99930563
99930569
99930587
99930659
99930737
99930751
99930757
99930767
99930799
99930829
99930833
99930841
99930847
99930851
99930863
99930869
99930877
99930889
99930893
99930907
99930911
99930923
99930931
99930953
99930959
99930973
99930989
99930991
99930997
99931001
99931003
99931031
99931037
99931057
99931061
99931099
99931157
99931163
99931193
99931199
99931231
99931261
99931313
99931327
99931331
99931411
99931417
99931439
99931451
99931471
99931501
99931511
99931537
99931543
99931589
99931591
99931609
99931633
99931669
99931679
99931681
99931691
99931703
99931717
99931721
99931739
99931747
99931753
99931787
99931813
99931837
99931841
99931859
99931891
99931903
99931943
99931961
99931973
99931991
99932023
99932071
99932093
99932117
99932123
99932141
99932149
99932159
99932167
99932177
99932179
99932201
99932207
99932219
99932221
99932257
99932269
99932323
99932359
99932377
99932411
99932431
99932461
99932471
99932509
99932549
99932563
99932593
99932603
99932627
99932639
99932653
99932687
99932689
99932699
99932717
99932759
99932771
99932773
99932797
99932801
99932813
99932821
99932827
99932879
99932897
99932909
99932923
99932929
99932939
99932947
99932983
99932993
99933017
99933023
99933047
99933049
99933059
99933061
99933073
99933107
99933133
99933151
99933167
99933173
99933193
99933199
99933221
99933227
99933283
99933289
99933313
99933329
99933347
99933349
99933371
99933389
99933397
99933401
99933403
99933443
99933451
99933469
99933473
99933479
99933487
99933511
99933517
99933527
99933529
99933601
99933619
99933629
99933637
99933653
99933661
99933709
99933727
99933751
99933761
99933773
99933791
99933817
99933829
99933877
99933907
99933931
99933937
99933949
99933961
99933979
99933983
99933989
99934027
99934063
99934099
99934117
99934123
99934127
99934157
99934169
99934181
99934199
99934201
99934207
99934217
99934223
99934271
99934283
99934291
99934301
99934339
99934363
99934369
99934391
99934403
99934427
99934441
99934463
99934481
99934487
99934543
99934553
99934561
99934577
99934603
99934621
99934631
99934657
99934663
99934673
99934711
99934727
99934741
99934771
99934777
99934781
99934799
99934837
99934853
99934859
99934871
99934907
99934937
99934943
99934969
99934981
99935047
99935063
99935089
99935093
99935107
99935149
99935153
99935159
99935179
99935183
99935191
99935219
99935243
99935249
99935293
99935323
99935347
99935357
99935387
99935393
99935417
99935419
99935447
99935449
99935471
99935501
99935509
99935513
99935531
99935543
99935567
99935587
99935597
99935617
99935623
99935651
99935657
99935663
99935701
99935743
99935747
99935749
99935761
99935767
99935777
99935791
99935813
99935821
99935881
99935893
99935903
99935917
99935923
99935947
99935951
99935977
99936019
99936043
99936077
99936079
99936113
99936131
99936139
99936203
99936209
99936253
99936259
99936283
99936293
99936313
99936341
99936359
99936367
99936377
99936379
99936433
99936439
99936443
99936451
99936461
99936491
99936493
99936497
99936503
99936517
99936521
99936527
99936539
99936553
99936569
99936583
99936589
99936631
99936643
99936649
99936671
99936701
99936757
99936769
99936787
99936791
99936799
99936821
99936841
99936847
99936877
99936913
99936917
99936923
99936961
99936983
99937003
99937007
99937009
99937021
99937027
99937039
99937069
99937099
99937109
99937127
99937147
99937151
99937163
99937199
99937241
99937261
99937297
99937303
99937351
99937361
99937367
99937381
99937391
99937417
99937421
99937423
99937427
99937433
99937469
99937493
99937499
99937529
99937559
99937571
99937573
99937597
99937619
99937627
99937667
99937709
99937711
99937763
99937793
99937819
99937841
99937843
99937847
99937861
99937889
99937897
99937907
99937939
99937961
99937963
99937969
99937979
99937993
99938021
99938023
99938029
99938039
99938057
99938093
99938099
99938117
99938123
99938129
99938143
99938171
99938173
99938177
99938207
99938213
99938219
99938249
99938261
99938273
99938281
99938287
99938329
99938341
99938351
99938353
99938357
99938401
99938431
99938441
99938477
99938479
99938521
99938551
99938569
99938599
99938627
99938633
99938647
99938653
99938711
99938747
99938753
99938759
99938777
99938791
99938831
99938833
99938857
99938893
99938899
99938911
99938921
99938941
99938953
99938977
99938981
99938989
99939001
99939023
99939041
99939053
99939083
99939089
99939113
99939127
99939131
99939137
99939179
99939227
99939233
99939239
99939241
99939253
99939269
99939271
99939283
99939293
99939317
99939341
99939349
99939383
99939421
99939473
99939491
99939527
99939551
99939557
99939571
99939599
99939641
99939643
99939649
99939683
99939703
99939757
99939773
99939797
99939841
99939857
99939863
99939871
99939881
99939883
99939893
99939901
99939911
99939913
99939929
99939937
99939953
99939967
99940007
99940013
99940067
99940091
99940117
99940121
99940151
99940163
99940199
99940201
99940223
99940231
99940241
99940259
99940271
99940303
99940319
99940369
99940429
99940499
99940507
99940517
99940537
99940571
99940573
99940579
99940597
99940639
99940693
99940697
99940721
99940733
99940747
99940759
99940793
99940801
99940823
99940831
99940843
99940849
99940871
99940877
99940879
99940913
99940961
99940963
99941021
99941027
99941041
99941059
99941069
99941071
99941077
99941081
99941099
99941111
99941131
99941143
99941203
99941227
99941251
99941263
99941267
99941291
99941297
99941299
99941321
99941447
99941459
99941461
99941483
99941533
99941561
99941579
99941587
99941591
99941609
99941617
99941629
99941663
99941669
99941671
99941707
99941741
99941747
99941771
99941789
99941797
99941813
99941869
99941893
99941909
99941939
99941951
99941981
99942023
99942053
99942067
99942077
99942097
99942103
99942113
99942119
99942121
99942137
99942151
99942179
99942181
99942187
99942211
99942229
99942247
99942253
99942281
99942289
99942317
99942341
99942343
99942373
99942397
99942407
99942421
99942457
99942463
99942487
99942503
99942509
99942533
99942547
99942553
99942569
99942571
99942581
99942599
99942607
99942611
99942629
99942673
99942691
99942719
99942721
99942763
99942769
99942803
99942839
99942841
99942859
99942877
99942911
99942923
99943013
99943033
99943037
99943043
99943049
99943057
99943069
99943111
99943139
99943177
99943229
99943247
99943267
99943273
99943279
99943301
99943307
99943331
99943339
99943369
99943373
99943379
99943381
99943399
99943409
99943433
99943447
99943469
99943499
99943513
99943577
99943583
99943589
99943607
99943619
99943621
99943639
99943661
99943709
99943747
99943751
99943801
99943841
99943847
99943873
99943897
99943903
99943913
99943979
99943999
99944023
99944041
99944069
99944087
99944107
99944111
99944129
99944147
99944149
99944191
99944203
99944209
99944219
99944239
99944249
99944261
99944263
99944267
99944287
99944293
99944321
99944393
99944431
99944441
99944443
99944447
99944459
99944461
99944483
99944491
99944501
99944521
99944543
99944549
99944561
99944567
99944573
99944639
99944653
99944671
99944681
99944687
99944707
99944723
99944737
99944749
99944773
99944791
99944797
99944843
99944849
99944851
99944861
99944863
99944891
99944903
99944927
99944941
99944951
99944963
99944981
99945019
99945061
99945089
99945113
99945127
99945133
99945151
99945161
99945179
99945203
99945217
99945221
99945247
99945253
99945299
99945319
99945337
99945341
99945379
99945401
99945421
99945427
99945451
99945463
99945481
99945497
99945553
99945563
99945589
99945607
99945611
99945617
99945623
99945667
99945679
99945683
99945691
99945707
99945721
99945739
99945743
99945749
99945751
99945761
99945763
99945817
99945841
99945851
99945893
99945913
99945929
99945973
99946013
99946037
99946039
99946051
99946073
99946081
99946087
99946097
99946117
99946129
99946141
99946169
99946237
99946241
99946279
99946283
99946303
99946307
99946321
99946337
99946367
99946373
99946391
99946411
99946459
99946463
99946471
99946493
99946501
99946507
99946537
99946541
99946549
99946589
99946591
99946597
99946607
99946633
99946687
99946739
99946741
99946747
99946793
99946801
99946811
99946813
99946831
99946837
99946867
99946871
99946907
99946909
99946919
99946939
99946943
99946991
99946993
99946997
99946999
99947017
99947033
99947041
99947047
99947059
99947083
99947119
99947129
99947143
99947149
99947161
99947191
99947203
99947207
99947231
99947273
99947291
99947303
99947321
99947371
99947383
99947401
99947413
99947423
99947459
99947501
99947509
99947531
99947537
99947563
99947567
99947579
99947587
99947591
99947611
99947651
99947677
99947713
99947723
99947741
99947747
99947789
99947819
99947821
99947831
99947839
99947843
99947893
99947899
99947909
99947917
99947921
99947941
99947977
99947993
99948011
99948029
99948031
99948059
99948097
99948109
99948131
99948187
99948197
99948217
99948221
99948223
99948229
99948257
99948263
99948281
99948307
99948311
99948353
99948361
99948391
99948403
99948437
99948449
99948463
99948467
99948473
99948479
99948481
99948521
99948533
99948539
99948577
99948599
99948601
99948643
99948647
99948659
99948689
99948701
99948713
99948733
99948769
99948787
99948799
99948809
99948811
99948817
99948841
99948881
99948883
99948889
99948917
99948941
99948943
99948971
99948977
99948997
99949013
99949019
99949027
99949061
99949081
99949123
99949133
99949153
99949159
99949163
99949169
99949219
99949229
99949259
99949261
99949277
99949279
99949303
99949313
99949319
99949357
99949391
99949417
99949429
99949439
99949441
99949459
99949529
99949547
99949601
99949637
99949639
99949649
99949669
99949693
99949711
99949771
99949813
99949847
99949853
99949873
99949879
99949901
99949907
99949933
99949943
99949951
99949961
99949963
99949991
99949999
99950003
99950009
99950023
99950029
99950047
99950063
99950069
99950083
99950093
99950099
99950101
99950119
99950167
99950173
99950183
99950237
99950239
99950299
99950303
99950329
99950339
99950353
99950371
99950381
99950401
99950407
99950413
99950423
99950437
99950467
99950483
99950503
99950581
99950593
99950611
99950639
99950657
99950671
99950677
99950681
99950687
99950699
99950713
99950729
99950749
99950759
99950777
99950831
99950861
99950867
99950933
99950957
99950959
99950969
99950971
99950987
99951013
99951043
99951083
99951091
99951113
99951119
99951121
99951179
99951233
99951263
99951283
99951287
99951301
99951311
99951323
99951331
99951377
99951389
99951391
99951407
99951421
99951427
99951431
99951443
99951451
99951497
99951503
99951521
99951529
99951557
99951569
99951601
99951623
99951659
99951707
99951743
99951757
99951769
99951773
99951779
99951811
99951833
99951851
99951877
99951881
99951889
99951899
99951919
99951931
99951937
99951949
99951953
99951983
99951991
99952037
99952051
99952063
99952123
99952147
99952159
99952189
99952199
99952201
99952211
99952213
99952243
99952249
99952261
99952267
99952283
99952289
99952291
99952393
99952397
99952399
99952427
99952439
99952441
99952471
99952493
99952499
99952513
99952579
99952591
99952603
99952621
99952631
99952661
99952663
99952669
99952703
99952729
99952739
99952747
99952829
99952847
99952861
99952883
99952889
99952913
99952921
99952949
99952961
99952981
99952997
99953011
99953017
99953023
99953033
99953041
99953059
99953069
99953099
99953143
99953153
99953173
99953179
99953221
99953261
99953263
99953297
99953309
99953339
99953417
99953431
99953453
99953461
99953467
99953473
99953479
99953527
99953573
99953597
99953599
99953603
99953617
99953639
99953657
99953681
99953731
99953753
99953767
99953771
99953797
99953803
99953809
99953831
99953839
99953849
99953873
99953879
99953899
99953911
99953921
99953933
99953947
99953957
99953969
99953977
99953989
99953993
99954011
99954047
99954053
99954077
99954089
99954091
99954103
99954109
99954119
99954133
99954139
99954143
99954181
99954223
99954227
99954233
99954259
99954277
99954293
99954331
99954409
99954431
99954443
99954479
99954487
99954499
99954511
99954541
99954551
99954557
99954559
99954563
99954587
99954623
99954637
99954643
99954667
99954689
99954691
99954721
99954727
99954731
99954733
99954737
99954749
99954769
99954779
99954787
99954823
99954847
99954859
99954863
99954887
99954901
99954913
99954949
99954961
99954973
99954983
99954989
99955003
99955021
99955043
99955057
99955061
99955069
99955073
99955103
99955109
99955111
99955117
99955123
99955133
99955147
99955151
99955159
99955169
99955183
99955187
99955201
99955213
99955231
99955283
99955301
99955313
99955319
99955327
99955343
99955351
99955379
99955391
99955397
99955411
99955451
99955481
99955483
99955519
99955567
99955571
99955573
99955577
99955579
99955589
99955601
99955613
99955643
99955649
99955651
99955673
99955703
99955747
99955763
99955783
99955813
99955829
99955879
99955897
99955901
99955939
99955967
99955993
99956009
99956023
99956029
99956057
99956119
99956147
99956173
99956177
99956189
99956191
99956231
99956249
99956261
99956287
99956299
99956303
99956317
99956341
99956371
99956377
99956387
99956471
99956513
99956543
99956557
99956581
99956599
99956609
99956621
99956627
99956629
99956671
99956683
99956687
99956699
99956713
99956723
99956807
99956837
99956861
99956933
99956959
99956963
99956977
99956999
99957023
99957047
99957049
99957073
99957173
99957181
99957197
99957211
99957217
99957283
99957307
99957317
99957337
99957343
99957353
99957371
99957373
99957383
99957397
99957409
99957419
99957437
99957443
99957449
99957463
99957479
99957491
99957493
99957521
99957527
99957551
99957553
99957587
99957593
99957607
99957643
99957677
99957679
99957703
99957709
99957721
99957761
99957787
99957797
99957853
99957881
99957887
99957889
99957901
99957911
99957953
99957967
99957971
99958051
99958057
99958063
99958073
99958087
99958091
99958093
99958121
99958139
99958141
99958151
99958153
99958193
99958217
99958219
99958231
99958241
99958267
99958277
99958337
99958343
99958357
99958361
99958381
99958393
99958399
99958409
99958421
99958427
99958471
99958499
99958501
99958553
99958561
99958577
99958591
99958627
99958637
99958669
99958709
99958717
99958723
99958739
99958751
99958757
99958763
99958811
99958819
99958823
99958843
99958871
99958877
99958891
99958907
99958927
99958933
99958951
99958979
99958987
99959003
99959011
99959017
99959029
99959063
99959071
99959077
99959117
99959129
99959137
99959161
99959203
99959207
99959239
99959257
99959263
99959273
99959291
99959333
99959339
99959341
99959347
99959359
99959381
99959383
99959413
99959417
99959441
99959467
99959521
99959591
99959617
99959621
99959641
99959653
99959689
99959707
99959719
99959731
99959753
99959759
99959789
99959791
99959803
99959807
99959819
99959833
99959891
99959921
99959933
99959939
99959941
99959947
99959953
99959963
99959987
99959999
99960011
99960019
99960031
99960053
99960061
99960127
99960167
99960191
99960193
99960227
99960229
99960241
99960253
99960257
99960271
99960281
99960299
99960313
99960331
99960379
99960389
99960397
99960437
99960451
99960529
99960533
99960551
99960563
99960571
99960589
99960607
99960613
99960631
99960649
99960659
99960671
99960701
99960719
99960743
99960769
99960793
99960803
99960821
99960857
99960859
99960863
99960899
99960907
99960947
99960953
99960997
99961009
99961061
99961063
99961067
99961079
99961097
99961129
99961153
99961171
99961189
99961193
99961247
99961271
99961273
99961327
99961333
99961361
99961439
99961441
99961469
99961471
99961483
99961553
99961559
99961571
99961591
99961597
99961613
99961663
99961699
99961723
99961727
99961769
99961783
99961787
99961801
99961837
99961847
99961877
99961891
99961909
99961919
99961943
99961957
99961969
99961973
99961987
99961993
99962017
99962029
99962033
99962063
99962069
99962099
99962111
99962113
99962119
99962167
99962171
99962179
99962201
99962231
99962237
99962243
99962257
99962263
99962281
99962297
99962299
99962309
99962323
99962327
99962351
99962353
99962381
99962411
99962417
99962437
99962441
99962491
99962519
99962537
99962543
99962549
99962557
99962587
99962647
99962657
99962683
99962711
99962767
99962773
99962783
99962791
99962801
99962827
99962867
99962869
99962897
99962903
99962909
99962911
99962921
99962923
99962953
99962963
99962981
99962983
99962987
99963007
99963067
99963107
99963121
99963131
99963133
99963139
99963151
99963167
99963209
99963211
99963217
99963271
99963277
99963317
99963329
99963337
99963343
99963401
99963403
99963419
99963431
99963439
99963443
99963449
99963463
99963467
99963469
99963473
99963509
99963517
99963533
99963569
99963581
99963593
99963601
99963607
99963613
99963629
99963637
99963659
99963673
99963683
99963697
99963707
99963713
99963719
99963737
99963739
99963761
99963779
99963793
99963817
99963833
99963839
99963881
99963887
99963889
99963967
99963977
99963979
99964019
99964021
99964031
99964061
99964069
99964079
99964091
99964093
99964103
99964127
99964129
99964147
99964153
99964169
99964211
99964259
99964283
99964313
99964321
99964331
99964387
99964391
99964393
99964409
99964411
99964451
99964481
99964483
99964493
99964499
99964511
99964517
99964523
99964531
99964541
99964549
99964577
99964589
99964597
99964691
99964699
99964717
99964721
99964741
99964751
99964759
99964771
99964789
99964793
99964807
99964829
99964841
99964901
99964903
99964933
99964957
99964993
99965027
99965051
99965069
99965077
99965081
99965123
99965147
99965149
99965161
99965167
99965189
99965191
99965207
99965209
99965221
99965263
99965267
99965303
99965323
99965329
99965351
99965353
99965357
99965363
99965377
99965399
99965413
99965417
99965443
99965471
99965477
99965507
99965539
99965549
99965557
99965611
99965617
99965623
99965653
99965683
99965737
99965741
99965743
99965759
99965773
99965819
99965839
99965849
99965857
99965869
99965909
99965923
99965953
99965963
99965977
99965989
99966017
99966043
99966059
99966067
99966089
99966101
99966121
99966131
99966149
99966151
99966157
99966169
99966187
99966197
99966203
99966233
99966247
99966259
99966263
99966281
99966283
99966287
99966299
99966301
99966329
99966371
99966389
99966397
99966401
99966403
99966431
99966457
99966463
99966469
99966499
99966539
99966557
99966577
99966583
99966589
99966631
99966673
99966703
99966719
99966721
99966731
99966761
99966773
99966829
99966833
99966869
99966877
99966899
99966929
99966949
99966967
99966989
99966991
99967001
99967009
99967013
99967027
99967051
99967093
99967097
99967103
99967121
99967139
99967159
99967163
99967171
99967183
99967193
99967207
99967237
99967249
99967253
99967277
99967297
99967313
99967319
99967333
99967339
99967367
99967403
99967459
99967481
99967501
99967519
99967537
99967573
99967579
99967583
99967613
99967619
99967649
99967687
99967691
99967739
99967753
99967781
99967793
99967801
99967807
99967811
99967817
99967831
99967841
99967859
99967897
99967927
99967937
99967961
99967981
99967993
99967997
99967999
99968003
99968021
99968027
99968053
99968059
99968111
99968119
99968137
99968153
99968207
99968227
99968233
99968237
99968263
99968269
99968287
99968299
99968333
99968357
99968359
99968387
99968399
99968411
99968461
99968471
99968527
99968543
99968563
99968567
99968579
99968591
99968599
99968611
99968621
99968629
99968647
99968669
99968723
99968731
99968749
99968753
99968767
99968777
99968797
99968801
99968809
99968819
99968839
99968863
99968867
99968873
99968881
99968903
99968917
99968927
99968933
99968977
99968989
99969031
99969091
99969131
99969143
99969151
99969167
99969229
99969239
99969251
99969253
99969257
99969319
99969341
99969343
99969347
99969371
99969379
99969391
99969407
99969413
99969481
99969487
99969509
99969553
99969557
99969559
99969581
99969589
99969601
99969619
99969647
99969679
99969691
99969733
99969743
99969763
99969769
99969781
99969791
99969827
99969833
99969847
99969851
99969853
99969941
99969943
99969949
99970007
99970061
99970063
99970093
99970099
99970111
99970127
99970139
99970147
99970151
99970193
99970253
99970261
99970271
99970289
99970291
99970307
99970369
99970373
99970391
99970393
99970417
99970427
99970441
99970459
99970483
99970487
99970501
99970531
99970537
99970543
99970579
99970589
99970597
99970601
99970613
99970621
99970649
99970697
99970699
99970729
99970733
99970757
99970813
99970831
99970841
99970847
99970853
99970861
99970883
99970889
99970907
99970919
99970933
99970961
99970979
99970993
99971017
99971023
99971051
99971057
99971083
99971099
99971107
99971117
99971129
99971143
99971171
99971177
99971189
99971219
99971231
99971233
99971257
99971281
99971309
99971327
99971329
99971357
99971359
99971371
99971413
99971449
99971519
99971527
99971533
99971551
99971561
99971563
99971579
99971587
99971609
99971633
99971659
99971687
99971701
99971717
99971723
99971737
99971759
99971761
99971779
99971797
99971801
99971803
99971813
99971827
99971843
99971873
99971881
99971897
99971929
99971941
99971953
99972013
99972043
99972049
99972079
99972157
99972161
99972163
99972221
99972233
99972269
99972287
99972289
99972311
99972317
99972403
99972437
99972451
99972487
99972503
99972517
99972533
99972539
99972577
99972583
99972589
99972601
99972629
99972641
99972667
99972679
99972703
99972709
99972739
99972791
99972793
99972809
99972823
99972857
99972871
99972877
99972913
99972967
99972991
99973009
99973037
99973057
99973061
99973091
99973099
99973123
99973163
99973169
99973177
99973187
99973201
99973207
99973217
99973219
99973229
99973253
99973259
99973261
99973309
99973333
99973339
99973399
99973403
99973439
99973441
99973453
99973463
99973499
99973501
99973513
99973541
99973579
99973597
99973613
99973637
99973639
99973669
99973673
99973681
99973691
99973697
99973723
99973733
99973781
99973813
99973879
99973897
99973901
99973903
99973919
99973921
99973981
99973987
99973997
99974003
99974023
99974027
99974041
99974089
99974099
99974129
99974131
99974141
99974153
99974207
99974213
99974227
99974239
99974249
99974279
99974291
99974309
99974321
99974327
99974351
99974363
99974393
99974419
99974423
99974429
99974437
99974471
99974503
99974507
99974521
99974531
99974549
99974551
99974587
99974591
99974627
99974639
99974647
99974681
99974711
99974723
99974729
99974731
99974779
99974821
99974863
99974867
99974879
99974891
99974923
99974929
99974947
99974981
99974983
99974989
99975019
99975041
99975047
99975061
99975067
99975091
99975103
99975107
99975133
99975163
99975167
99975173
99975233
99975247
99975257
99975269
99975277
99975287
99975307
99975329
99975347
99975349
99975367
99975371
99975389
99975413
99975427
99975451
99975461
99975467
99975479
99975481
99975493
99975497
99975509
99975529
99975541
99975553
99975607
99975619
99975637
99975647
99975653
99975661
99975679
99975683
99975709
99975761
99975769
99975773
99975787
99975791
99975823
99975829
99975833
99975839
99975857
99975923
99975937
99975943
99975949
99975973
99975977
99975979
99975991
99976007
99976013
99976027
99976033
99976039
99976067
99976091
99976141
99976153
99976189
99976211
99976249
99976273
99976277
99976297
99976301
99976319
99976321
99976361
99976363
99976367
99976399
99976403
99976421
99976441
99976447
99976451
99976453
99976483
99976511
99976517
99976523
99976531
99976549
99976577
99976579
99976589
99976649
99976687
99976697
99976703
99976741
99976753
99976757
99976759
99976771
99976777
99976781
99976787
99976801
99976817
99976823
99976843
99976861
99976897
99976939
99976999
99977041
99977081
99977099
99977117
99977177
99977179
99977197
99977209
99977233
99977249
99977291
99977299
99977309
99977327
99977351
99977363
99977377
99977399
99977417
99977431
99977461
99977473
99977477
99977489
99977503
99977509
99977513
99977519
99977593
99977599
99977611
99977617
99977621
99977627
99977641
99977651
99977653
99977693
99977707
99977729
99977749
99977771
99977797
99977827
99977831
99977851
99977861
99977863
99977873
99977893
99977909
99977923
99977989
99978001
99978017
99978023
99978029
99978041
99978059
99978077
99978089
99978097
99978101
99978121
99978161
99978187
99978199
99978211
99978227
99978251
99978293
99978331
99978349
99978383
99978407
99978419
99978443
99978469
99978497
99978499
99978517
99978533
99978559
99978583
99978601
99978611
99978643
99978653
99978667
99978691
99978727
99978731
99978733
99978737
99978743
99978793
99978797
99978811
99978841
99978859
99978883
99978899
99978919
99978943
99978959
99978971
99978973
99979021
99979031
99979039
99979043
99979067
99979079
99979081
99979109
99979133
99979157
99979181
99979219
99979223
99979249
99979303
99979333
99979337
99979357
99979381
99979417
99979423
99979471
99979493
99979507
99979531
99979541
99979553
99979591
99979603
99979609
99979631
99979637
99979651
99979657
99979673
99979699
99979741
99979751
99979753
99979777
99979787
99979813
99979819
99979871
99979903
99979927
99979933
99979961
99979963
99979967
99979981
99979993
99980003
99980047
99980063
99980087
99980123
99980137
99980171
99980173
99980189
99980219
99980291
99980303
99980311
99980317
99980323
99980329
99980347
99980351
99980357
99980399
99980431
99980437
99980443
99980477
99980501
99980513
99980539
99980597
99980653
99980659
99980677
99980681
99980687
99980707
99980759
99980789
99980813
99980833
99980911
99980953
99980981
99981041
99981047
99981071
99981073
99981163
99981179
99981181
99981221
99981227
99981229
99981251
99981317
99981347
99981377
99981389
99981421
99981451
99981467
99981491
99981509
99981517
99981521
99981523
99981547
99981571
99981593
99981599
99981601
99981613
99981619
99981631
99981649
99981653
99981697
99981701
99981757
99981787
99981793
99981803
99981823
99981829
99981853
99981863
99981887
99981899
99981907
99981911
99981929
99981941
99981953
99981961
99981967
99981979
99981991
99982007
99982013
99982033
99982073
99982079
99982097
99982109
99982133
99982193
99982217
99982229
99982241
99982243
99982247
99982249
99982261
99982297
99982303
99982307
99982339
99982367
99982369
99982391
99982417
99982429
99982447
99982453
99982483
99982499
99982507
99982523
99982537
99982573
99982601
99982609
99982643
99982669
99982703
99982709
99982717
99982741
99982759
99982801
99982811
99982849
99982859
99982877
99982889
99982901
99982903
99982937
99982943
99982951
99982957
99983017
99983057
99983077
99983083
99983113
99983119
99983129
99983141
99983179
99983183
99983189
99983197
99983201
99983207
99983227
99983237
99983243
99983309
99983311
99983327
99983333
99983353
99983357
99983381
99983413
99983419
99983423
99983431
99983437
99983441
99983449
99983459
99983483
99983489
99983563
99983573
99983581
99983621
99983627
99983633
99983669
99983683
99983717
99983753
99983759
99983761
99983797
99983837
99983861
99983867
99983929
99983957
99983969
99983971
99984029
99984043
99984091
99984097
99984103
99984109
99984119
99984121
99984127
99984133
99984149
99984169
99984187
99984211
99984221
99984239
99984253
99984271
99984277
99984319
99984329
99984337
99984343
99984347
99984371
99984383
99984413
99984421
99984439
99984449
99984457
99984461
99984487
99984491
99984529
99984541
99984559
99984587
99984601
99984607
99984617
99984623
99984629
99984679
99984697
99984733
99984743
99984751
99984757
99984817
99984823
99984853
99984877
99984883
99984893
99984919
99984923
99984947
99984967
99984991
99985009
99985021
99985057
99985091
99985099
99985141
99985147
99985153
99985157
99985159
99985217
99985219
99985241
99985267
99985271
99985273
99985297
99985321
99985337
99985339
99985351
99985397
99985409
99985423
99985427
99985441
99985463
99985489
99985547
99985549
99985559
99985573
99985579
99985603
99985637
99985651
99985661
99985663
99985673
99985681
99985693
99985709
99985723
99985727
99985777
99985799
99985811
99985843
99985849
99985883
99985927
99985973
99985987
99986011
99986023
99986039
99986053
99986063
99986077
99986093
99986111
99986123
99986141
99986153
99986233
99986251
99986269
99986273
99986279
99986329
99986347
99986351
99986353
99986423
99986431
99986449
99986477
99986479
99986483
99986489
99986507
99986521
99986527
99986539
99986597
99986609
99986611
99986629
99986633
99986641
99986647
99986657
99986669
99986699
99986717
99986723
99986743
99986767
99986791
99986801
99986827
99986849
99986851
99986857
99986881
99986891
99986927
99986933
99986947
99986963
99986969
99986989
99986993
99987011
99987037
99987067
99987089
99987103
99987119
99987131
99987133
99987161
99987197
99987211
99987221
99987257
99987263
99987269
99987271
99987281
99987299
99987301
99987313
99987343
99987373
99987449
99987457
99987467
99987497
99987529
99987539
99987571
99987581
99987593
99987611
99987619
99987683
99987691
99987707
99987721
99987763
99987779
99987781
99987787
99987799
99987817
99987869
99987871
99987883
99987887
99987893
99987907
99987917
99987959
99987961
99987973
99987983
99987991
99987997
99988003
99988019
99988037
99988069
99988073
99988099
99988103
99988117
99988139
99988219
99988247
99988253
99988261
99988277
99988289
99988313
99988331
99988349
99988363
99988367
99988403
99988409
99988453
99988477
99988481
99988487
99988489
99988531
99988571
99988573
99988579
99988591
99988597
99988619
99988633
99988649
99988753
99988771
99988807
99988813
99988829
99988831
99988853
99988859
99988879
99988913
99988961
99988997
99989003
99989009
99989023
99989033
99989041
99989047
99989051
99989063
99989081
99989083
99989093
99989101
99989107
99989117
99989159
99989171
99989177
99989179
99989209
99989237
99989251
99989261
99989269
99989311
99989317
99989327
99989333
99989339
99989369
99989389
99989423
99989459
99989479
99989489
99989497
99989501
99989509
99989537
99989543
99989551
99989557
99989567
99989569
99989573
99989581
99989599
99989627
99989639
99989657
99989677
99989683
99989711
99989759
99989783
99989803
99989807
99989819
99989833
99989863
99989887
99989891
99989909
99989963
99989983
99990001
99990029
99990043
99990049
99990053
99990083
99990091
99990113
99990139
99990161
99990181
99990239
99990263
99990281
99990287
99990299
99990307
99990329
99990337
99990389
99990419
99990461
99990467
99990487
99990491
99990493
99990511
99990533
99990547
99990551
99990571
99990577
99990581
99990587
99990589
99990641
99990647
99990679
99990703
99990731
99990739
99990757
99990799
99990871
99990887
99990893
99990911
99990929
99990967
99990971
99990973
99991009
99991033
99991049
99991063
99991081
99991103
99991109
99991207
99991237
99991249
99991271
99991273
99991277
99991303
99991343
99991363
99991379
99991387
99991447
99991481
99991499
99991517
99991519
99991559
99991561
99991583
99991609
99991667
99991673
99991687
99991721
99991733
99991753
99991757
99991769
99991789
99991819
99991831
99991877
99991891
99991897
99991901
99991933
99991937
99991951
99991981
99991987
99991999
99992027
99992051
99992059
99992089
99992099
99992119
99992141
99992149
99992161
99992173
99992209
99992213
99992219
99992239
99992251
99992303
99992309
99992311
99992363
99992381
99992401
99992413
99992429
99992437
99992447
99992449
99992461
99992467
99992471
99992483
99992509
99992527
99992533
99992539
99992617
99992671
99992681
99992747
99992771
99992773
99992777
99992791
99992797
99992803
99992807
99992813
99992831
99992843
99992869
99992897
99992903
99992911
99992917
99992939
99992941
99992947
99992993
99993001
99993053
99993071
99993097
99993109
99993119
99993161
99993163
99993169
99993193
99993199
99993211
99993253
99993263
99993281
99993287
99993317
99993329
99993331
99993343
99993349
99993359
99993407
99993419
99993427
99993433
99993449
99993461
99993463
99993469
99993497
99993511
99993527
99993583
99993601
99993611
99993671
99993679
99993743
99993767
99993781
99993787
99993799
99993821
99993833
99993841
99993889
99993893
99993911
99993917
99993923
99993947
99993991
99993997
99994009
99994021
99994043
99994061
99994073
99994079
99994123
99994129
99994157
99994177
99994183
99994201
99994211
99994229
99994231
99994253
99994267
99994273
99994277
99994309
99994319
99994327
99994361
99994373
99994379
99994471
99994481
99994553
99994567
99994571
99994579
99994607
99994621
99994633
99994637
99994669
99994673
99994679
99994691
99994703
99994711
99994723
99994751
99994759
99994771
99994801
99994819
99994849
99994861
99994877
99994883
99994907
99994919
99994963
99995011
99995039
99995041
99995059
99995087
99995111
99995113
99995171
99995177
99995197
99995209
99995213
99995227
99995249
99995257
99995261
99995267
99995279
99995281
99995297
99995303
99995317
99995407
99995417
99995453
99995507
99995527
99995549
99995551
99995563
99995569
99995573
99995591
99995603
99995629
99995641
99995647
99995663
99995669
99995671
99995681
99995699
99995711
99995723
99995747
99995767
99995771
99995783
99995807
99995813
99995839
99995851
99995869
99995891
99995893
99995899
99995923
99995933
99995939
99995957
99995983
99995999
99996011
99996059
99996077
99996079
99996097
99996121
99996131
99996133
99996139
99996151
99996179
99996181
99996191
99996229
99996241
99996251
99996257
99996271
99996287
99996293
99996317
99996343
99996353
99996389
99996409
99996419
99996473
99996509
99996511
99996517
99996521
99996551
99996577
99996583
99996619
99996647
99996653
99996667
99996671
99996679
99996691
99996697
99996719
99996749
99996769
99996779
99996797
99996803
99996821
99996833
99996863
99996899
99996931
99996947
99996971
99996983
99997033
99997063
99997067
99997069
99997081
99997127
99997129
99997151
99997159
99997187
99997189
99997243
99997267
99997357
99997367
99997369
99997393
99997411
99997427
99997441
99997459
99997493
99997511
99997523
99997531
99997543
99997571
99997609
99997619
99997649
99997669
99997679
99997687
99997691
99997759
99997769
99997783
99997789
99997837
99997841
99997867
99997871
99997873
99997879
99997897
99997901
99997907
99997913
99997949
99997957
99997973
99997981
99998021
99998051
99998071
99998099
99998111
99998147
99998191
99998207
99998231
99998251
99998257
99998291
99998299
99998323
99998357
99998363
99998377
99998413
99998417
99998429
99998441
99998447
99998449
99998473
99998491
99998497
99998513
99998543
99998551
99998557
99998603
99998609
99998611
99998663
99998749
99998783
99998797
99998819
99998851
99998869
99998891
99998909
99998929
99998933
99998953
99998971
99998999
99999043
99999073
99999077
99999079
99999089
99999103
99999113
99999131
99999157
99999167
99999187
99999217
99999247
99999257
99999259
99999307
99999323
99999329
99999343
99999353
99999373
99999401
99999437
99999439
99999481
99999509
99999517
99999539
99999541
99999547
99999551
99999563
99999587
99999589
99999611
99999617
99999623
99999643
99999677
99999703
99999721
99999773
99999787
99999821
99999827
99999839
99999847
99999931
99999941
99999959
99999971
99999989